0.00
144996.00
291493.07
4.00
307120.00
132176.00
0.00
268.00
0.00
0.00
0.00
8.00
4.00
0.00
208.00
52.00
60.00
4.00
0.00
380.00
0.00
156.00
64.00
0.00
292864.00
146624.00
0.00
232448.00
206848.00
28.00
196.00
76.00
0.00
0.00
8.00
0.00
0.00
20.00
0.00
0.00
0.00
0.00
12.00
0.00
84.00
0.00
0.00
24076.00
415236.00
8.00
18944.00
420352.00
240.00
0.00
312.00
44.00
0.00
0.00
0.00
0.00
0.00
20.00
0.00
0.00
0.00
16.00
52.00
0.00
0.00
0.00
0.00
259816.00
179724.00
300.00
439296.00
52.00
0.00
120.00
196.00
0.00
0.00
156.00
0.00
0.00
60.00
132.00
0.00
0.00
0.00
0.00
0.00
92.00
0.00
0.00
439296.00
0.00
0.00
439472.00
0.00
