0.00
416.00
838.61
1.00
877.00
334.00
0.00
2.00
0.00
0.00
0.00
1.00
1.00
0.00
30.00
5.00
0.00
2.00
0.00
71.00
0.00
1.00
2.00
0.00
846.00
428.00
0.00
670.00
546.00
1.00
1.00
11.00
0.00
0.00
1.00
0.00
0.00
2.00
0.00
0.00
0.00
0.00
2.00
0.00
16.00
0.00
0.00
71.00
1193.00
2.00
55.00
1093.00
2.00
0.00
52.00
8.00
0.00
0.00
0.00
0.00
0.00
2.00
0.00
0.00
0.00
3.00
2.00
0.00
0.00
0.00
0.00
778.00
521.00
3.00
1124.00
5.00
0.00
25.00
2.00
0.00
0.00
1.00
0.00
0.00
2.00
17.00
0.00
0.00
0.00
0.00
0.00
12.00
0.00
0.00
1264.00
0.00
0.00
1151.00
0.00
